2
2 1 0 0 0 0
1 2 0 5 1 5
1 11 19 3 18 3
1 3 0 7 1 7
1 13 17 5 16 5
1 12 18 4 17 4
1 14 16 6 15 6
1 4 0 4 1 4
1 15 15 7 14 7
1 5 0 8 1 8
1 6 0 3 1 3
1 16 14 8 13 8
1 17 13 9 12 9
1 7 0 9 1 9
1 8 1 6 2 6
2 10 0 0 0 0
2 9 0 0 0 0
1 2 1 5 2 5
1 11 18 3 17 3
1 3 1 7 2 7
1 12 17 4 16 4
1 13 16 5 15 5
1 4 1 4 2 4
1 14 15 6 14 6
1 5 1 8 2 8
1 15 14 7 13 7
1 16 13 8 12 8
1 6 1 3 2 3
1 17 12 9 11 9
1 7 1 9 2 9
1 8 2 6 3 6
1 2 2 5 3 5
1 11 17 3 16 3
1 13 15 5 14 5
1 12 16 4 15 4
1 3 2 7 3 7
1 4 2 4 3 4
1 14 14 6 13 6
1 15 13 7 12 7
1 5 2 8 3 8
1 6 2 3 3 3
1 16 12 8 11 8
1 7 2 9 3 9
1 17 11 9 10 9
1 8 3 6 4 6
1 2 3 5 4 5
1 11 16 3 15 3
1 3 3 7 4 7
1 12 15 4 14 4
1 13 14 5 13 5
1 14 13 6 12 6
1 4 3 4 4 4
1 15 12 7 11 7
1 5 3 8 4 8
1 6 3 3 4 3
1 16 11 8 10 8
1 7 3 9 4 9
1 17 10 9 9 9
1 8 4 6 5 6
1 2 4 5 5 5
1 11 15 3 14 3
1 3 4 7 5 7
1 12 14 4 13 4
1 13 13 5 12 5
1 4 4 4 5 4
1 14 12 6 11 6
1 5 4 8 5 8
1 15 11 7 10 7
1 6 4 3 5 3
1 16 10 8 9 8
1 17 9 9 8 9
1 7 4 9 5 9
1 8 5 6 6 6
1 2 5 5 6 5
1 11 14 3 13 3
1 13 12 5 11 5
1 12 13 4 12 4
1 3 5 7 6 7
1 4 5 4 6 4
2 14 0 0 0 0
1 15 10 7 9 7
1 5 5 8 6 8
1 6 5 3 6 3
1 16 9 8 8 8
1 7 5 9 6 9
1 17 8 9 7 9
2 8 0 0 0 0
1 2 6 5 7 5
1 11 13 3 12 3
1 3 6 7 7 7
1 13 11 5 10 5
1 12 12 4 11 4
1 4 6 4 7 4
1 15 9 7 8 7
1 5 6 8 7 8
1 6 6 3 7 3
2 5 0 0 0 0
2 17 0 0 0 0
1 2 7 5 8 5
1 11 12 3 11 3
1 12 11 4 10 4
2 15 0 0 0 0
1 13 10 5 9 5
1 4 7 4 8 4
1 6 7 3 8 3
2 13 0 0 0 0
1 11 11 3 10 3
2 12 0 0 0 0
1 4 8 4 9 4
1 6 8 3 9 3
2 6 0 0 0 0
2 11 0 0 0 0
2 3 0 0 0 0
2 16 0 0 0 0
