1
1 1 0 6 1 6
1 11 18 6 17 6
1 2 0 5 1 5
1 12 17 7 16 7
1 4 0 4 1 4
1 5 0 8 1 8
1 14 16 8 15 8
1 16 15 9 14 9
1 6 0 3 1 3
1 17 15 3 14 3
1 8 1 6 2 6
1 7 0 9 1 9
1 2 1 5 2 5
1 4 1 4 2 4
1 5 1 8 2 8
1 14 15 8 14 8
1 6 1 3 2 3
1 16 14 9 13 9
1 7 1 9 2 9
1 8 2 6 3 6
1 17 14 3 13 3
1 2 2 5 3 5
1 13 17 5 16 5
1 4 2 4 3 4
1 5 2 8 3 8
1 6 2 3 3 3
1 17 13 3 12 3
1 8 3 6 4 6
1 2 3 5 4 5
1 12 16 7 15 7
1 4 3 4 4 4
1 13 16 5 15 5
1 5 3 8 4 8
1 14 14 8 13 8
1 6 3 3 4 3
1 16 13 9 12 9
1 8 4 6 5 6
1 11 17 6 16 6
1 2 4 5 5 5
1 4 4 4 5 4
1 13 15 5 14 5
1 5 4 8 5 8
1 6 4 3 5 3
1 17 12 3 11 3
1 8 5 6 6 6
1 2 5 5 6 5
1 12 15 7 14 7
1 4 5 4 6 4
1 13 14 5 13 5
1 14 13 8 12 8
1 5 5 8 6 8
1 16 12 9 11 9
1 6 5 3 6 3
1 15 16 4 15 4
1 11 16 6 15 6
1 12 14 7 13 7
1 2 6 5 7 5
1 4 6 4 7 4
1 5 6 8 7 8
1 6 6 3 7 3
1 15 15 4 14 4
1 17 11 3 10 3
1 2 7 5 8 5
1 4 7 4 8 4
1 5 7 8 8 8
1 6 7 3 8 3
1 17 10 3 9 3
1 11 15 6 14 6
1 12 13 7 12 7
1 2 8 5 9 5
1 4 8 4 9 4
1 14 12 8 11 8
1 5 8 8 9 8
1 16 11 9 10 9
1 15 14 4 13 4
1 2 9 5 10 5
1 12 12 7 11 7
1 4 9 4 10 4
1 5 9 8 10 8
1 16 10 9 9 9
1 15 13 4 12 4
1 2 10 5 11 5
1 4 10 4 11 4
1 11 14 6 13 6
1 2 11 5 12 5
1 12 11 7 10 7
1 12 10 7 9 7
1 16 9 9 8 9
1 11 13 6 12 6
1 12 9 7 8 7
1 16 8 9 7 9
1 11 12 6 11 6
1 12 8 7 7 7
1 16 7 9 6 9
1 16 6 9 5 9
1 12 7 7 6 7
1 12 6 7 5 7
